version https://git-lfs.github.com/spec/v1
oid sha256:b600527def629d49f82da88af6063cb196603674f896b21db98be62f5271f79f
size 2186
