version https://git-lfs.github.com/spec/v1
oid sha256:1bd34b090afdabc6018174d81a11d3472713487cd23172e7cd0c12cebce3835c
size 600316
